136
0 0 0
0.0499999990733183 0.0499362259900836 2.46799237436243e-09
0.0999999989083045 -6.37696776066548e-05 3.45436536163757e-10
0.149999998854838 0.0499362297663812 1.17078785725999e-10
0.19999999855544 -6.37668982629968e-05 5.89998998106076e-10
0.249999998465155 0.0225059866258279 1.55913759780326e-10
0.299999998120303 0.0725059382978572 4.90534465072026e-10
0.349999998112338 0.0225059383226013 9.29585668932264e-12
0.399999997761554 -0.0274940534915288 3.61013943245466e-10
0.449999996931721 -0.0672939210518063 6.42930946613685e-10
0.499999996309313 -0.117293890277272 3.86873830781284e-10
0.549999982255877 -0.067293918994053 6.06908224003373e-09
0.541312539607297 -0.0205295494837867 0.000992437800159058
0.49131671827357 -0.0461909699207016 0.0138568279174946
0.498443800794659 0.00380902936497717 0.0106286494535625
0.498906710216195 0.0534002518800724 0.00928548071275399
0.482841524368493 0.0599098850783946 0.0116040552899448
0.494501449053468 0.00991169123683235 0.00772914438934291
0.496368508371866 -0.0400882858154733 0.00582036079229239
0.494954196759819 0.00991171376964847 0.00478918861032714
0.497453872481723 0.0599093703602631 0.00341159623985431
0.504831228105629 0.00990942059187962 0.000817484168469548
0.510958937243416 -0.0400903329669143 7.54327933136538e-08
0.462056962144721 0.00649688369768972 0.00380354539045775
0.412057040468521 -0.0369791933832128 0.0187532437595479
0.362057042326169 -0.00833161169537511 0.0379554954661692
0.31205704511866 0.0416683880484222 0.0502113682452549
0.262057388310193 0.070955319495125 0.0581343305784511
0.22031303641988 0.0567813565538927 0.060752550054424
0.209334325488845 0.00678251714169108 0.0564117643251949
0.207177206506832 0.0567825131029032 0.0489874111498309
0.187961023836001 0.0503700494426172 0.0465300000253831
0.178001057798483 0.000370187127263858 0.0420429397351611
0.171834350540998 -0.0444882833819443 0.0367399177326749
0.149502034154738 0.00551171578167042 0.0308865349600053
0.133999892272162 -0.00591386840203078 0.0242097058244395
0.0839998939448854 -0.0559138683762109 0.0224615271310339
0.133999893880565 -0.0803536807410304 5.46736878860588e-11
0.121354223830506 -0.0378278358821226 8.98206722975236e-07
0.110733578296467 -0.0793067928321163 0.00179215800563378
0.0927421569484743 -0.0527528887029552 0.00134751763718619
0.106338267405001 -0.0659691396969689 5.46000764606726e-11
0.099094930820886 -0.0565454808249843 0.00490808589518675
0.115081168757194 -0.0622798163210211 0.0110500465387646
0.101657635812428 -0.0626599994723733 0.0271120894400333
0.0977244120096554 -0.0610973488250886 0.0461304601521816
0.0954625943947241 -0.0660349575934771 0.0703268932471361
0.145462593348841 -0.0674127551052265 0.086034920700254
0.195462591021034 -0.0672938733265962 0.119538137930706
0.145462591026042 -0.0562885609448964 0.169538137929276
0.095462591327443 -0.0745234179175862 0.219538137910178
0.0454625913280667 -0.0599476093256665 0.269538137910117
1.51735620596005e-10 -0.0811293570339742 0.319538137877973
5.24504622679338e-12 -0.0701909618935996 0.369538137875245
9.39749691800569e-11 -0.0985403230395944 0.354390452628068
1.35792142126558e-11 -0.10260297120499 0.304390452631384
1.64416560320808e-13 -0.124771562506006 0.254390452631398
5.29081540298679e-13 -0.145803158602227 0.204390452631462
0.0499999945526405 -0.160111290613755 0.15439045271977
0.0980720073278314 -0.181778738883189 0.104390452858111
0.0976917203625023 -0.20691892583422 0.0543904528581875
0.146544303974724 -0.218643285149406 0.00439045285844902
0.196544303617806 -0.23636921147798 6.06552875688591e-11
0.246544303560837 -0.236486841232077 5.17245441677845e-11
0.296544303557759 -0.234035931841663 3.64830204120798e-12
0.346544303557629 -0.235069002937115 1.60539638521012e-13
0.396544303557424 -0.227797038329253 2.66172987577234e-13
0.446544303555681 -0.21601409294367 1.89746413733571e-12
0.496544303520206 -0.196956942710578 2.38521690102802e-11
0.546544303511846 -0.16770256759166 6.58485451365631e-12
0.596544303463824 -0.12421840081239 2.07831822389386e-11
0.596015418558009 -0.112404559138516 2.07457505620428e-10
0.546015418612348 -0.100291107258546 2.81662563330703e-11
0.496015418612481 -0.079043210132378 0.0149514345621141
0.446015418622901 -0.0787026021122777 0.0649514345525887
0.396015418626401 -0.0762463312628959 0.114951434547136
0.346015418626487 -0.0891495503322123 0.164554611441399
0.296015418629501 -0.106706803432567 0.166341571623411
0.24601542157417 -0.0837188591509764 0.131651800978054
0.196015421660236 -0.109978643174137 0.0816518015371807
0.146015428857704 -0.11515359797394 0.0316518047780856
0.106321335751811 -0.129815984976383 0.00382827900322946
0.128947874650657 -0.106539075320546 2.99918315009584e-11
0.145445156190088 -0.118898983117088 8.55078879857751e-11
0.161611324607207 -0.110686672746296 1.63807889608831e-09
0.211611324127568 -0.13103470979005 1.54676602023707e-10
0.243061512665528 -0.110843527817524 7.09935724814703e-09
0.257844548235681 -0.109497978036938 0.00108250665136967
0.284133911908286 -0.127818467142428 0.00433707127078823
0.334133911652035 -0.109850854572985 1.92864907502593e-10
0.384133911609777 -0.066420387220104 2.96241999305273e-11
0.434133908873372 -0.107342821539526 7.84702158170558e-10
0.427290142502527 -0.0637270272743404 2.89685762862532e-09
0.37729015883751 -0.076788985092095 0.0028286984811746
0.327290161342012 -0.074741401017629 0.0136320109999479
0.277290177522935 -0.0655375618533729 0.0181717946524048
0.263425507819784 -0.0947587645054667 0.0112223418913963
0.221969544512799 -0.0481147348237445 0.0109142293525027
0.192426588408664 -0.0837012500106562 0.00890006249639173
0.155021460947784 -0.0590494974422259 0.00929239323787291
0.131086426252139 -0.0693462837955562 0.00700360094769532
0.181086426252125 -0.0500098003753763 1.53012910501793e-14
0.131086426381672 -0.0997630575183765 0.0499999998255959
0.112699234646137 -0.0497630575224496 0.0501654455255418
0.0674543182041282 -0.0377527562553906 0.0568128016549902
0.0684509393512477 -0.0877527562537357 0.0561411498714859
0.0860798286431913 -0.053161828520813 0.0561599879181616
0.101615208698782 -0.0662258549686203 0.0613621871938767
0.151615208698534 -0.0835113689865092 0.0240840890743194
0.101615208698885 -0.0660300374853808 0.0740840890741557
0.0516152093039888 -0.0582363952032647 0.123975654018933
0.00161520935026712 -0.0710378402273758 0.173975653947774
3.81139108026674e-10 -0.0685491234642744 0.202980247488906
5.70491126209815e-10 -0.0562563732764469 0.240327965917356
0.0477582505024951 -0.0898565456954644 0.239426956499574
0.0977582502716409 -0.078309629689862 0.23356145521023
0.147758250269718 -0.090307071424183 0.188029703163562
0.197758250028176 -0.126725540662197 0.148309282270191
0.247758250023974 -0.140086303498128 0.0983092840282703
0.297758250019242 -0.14944406511622 0.0647663534809773
0.347758250002239 -0.139217482543615 0.0890802049576499
0.397758249920193 -0.126074726867571 0.0390802061991452
0.447758249689456 -0.144374666847944 7.03046393454518e-10
0.497758249689173 -0.147802283335704 4.0799004035848e-13
0.547758249688978 -0.142764589610562 2.06727732084286e-13
0.597758249351765 -0.123063209607489 1.9803998577712e-10
0.647758249351537 -0.133333513103014 1.71862217385766e-13
0.601726603565255 -0.096766549075266 3.25548760385012e-10
0.55172660380035 -0.0512541291649494 0.0189506927323401
0.501726604827701 -0.0138067362103925 0.0689411443187117
0.451726604828808 0.0234787128286094 0.106983942741144
0.401726604931876 0.047645611990719 0.134521065106771
0.351726609941541 0.061489088765248 0.142182594159819
0.301726609974359 0.0577362813705311 0.173317982910781
0.302872307486551 0.0848346896518132 0.14416278564069
0.261271074924568 0.0613014257281193 0.126225460931028
